100
4
0 40 4 6
40 0 29 24
4 29 0 41
6 24 41 0
16
0 0 0 0 26 14 0 15 0 47 38 0 0 0 0 0
0 0 32 0 0 29 0 2 47 41 19 0 0 0 0 0
0 32 0 0 7 0 35 0 0 0 29 0 24 34 5 0
0 0 0 0 0 0 0 49 0 0 37 0 0 0 0 0
26 0 7 0 0 35 3 48 34 0 0 0 0 0 3 0
14 29 0 0 35 0 0 0 0 0 40 0 0 0 21 1
0 0 35 0 3 0 0 1 0 0 33 0 18 31 0 0
15 2 0 49 48 0 1 0 0 13 0 13 0 29 1 42
0 47 0 0 34 0 0 0 0 0 0 0 48 0 16 0
47 41 0 0 0 0 0 13 0 0 0 0 28 21 0 7
38 19 29 37 0 40 33 0 0 0 0 46 27 21 44 0
0 0 0 0 0 0 0 13 0 0 46 0 22 0 0 45
0 0 24 0 0 0 18 0 48 28 27 22 0 0 0 0
0 0 34 0 0 0 31 29 0 21 21 0 0 0 13 0
0 0 5 0 3 21 0 1 16 0 44 0 0 13 0 0
0 0 0 0 0 1 0 42 0 7 0 45 0 0 0 0
3
0 22 37
22 0 33
37 33 0
7
0 0 44 7 0 0 13
0 0 1 0 3 0 41
44 1 0 15 48 0 0
7 0 15 0 0 0 0
0 3 48 0 0 7 0
0 0 0 0 7 0 22
13 41 0 0 0 22 0
19
0 0 10 18 0 17 39 0 0 0 23 11 0 12 27 24 0 37 35
0 0 0 0 46 44 49 14 32 12 0 0 47 29 6 47 30 0 0
10 0 0 0 4 15 48 27 16 0 0 16 0 23 0 49 19 0 0
18 0 0 0 25 0 0 43 0 21 27 5 0 46 31 0 0 27 0
0 46 4 25 0 3 25 49 0 46 0 0 0 0 45 0 0 25 48
17 44 15 0 3 0 8 0 0 0 7 3 43 44 10 16 26 39 0
39 49 48 0 25 8 0 0 4 0 0 0 0 37 12 0 0 44 0
0 14 27 43 49 0 0 0 19 19 25 44 44 22 33 0 0 48 0
0 32 16 0 0 0 4 19 0 25 0 32 0 0 0 0 0 0 0
0 12 0 21 46 0 0 19 25 0 0 17 30 5 13 0 36 33 0
23 0 0 27 0 7 0 25 0 0 0 22 0 0 36 0 34 0 0
11 0 16 5 0 3 0 44 32 17 22 0 0 28 0 0 0 23 0
0 47 0 0 0 43 0 44 0 30 0 0 0 0 39 42 33 46 17
12 29 23 46 0 44 37 22 0 5 0 28 0 0 19 0 0 0 40
27 6 0 31 45 10 12 33 0 13 36 0 39 19 0 33 18 6 0
24 47 49 0 0 16 0 0 0 0 0 0 42 0 33 0 11 28 38
0 30 19 0 0 26 0 0 0 36 34 0 33 0 18 11 0 48 10
37 0 0 27 25 39 44 48 0 33 0 23 46 0 6 28 48 0 0
35 0 0 0 48 0 0 0 0 0 0 0 17 40 0 38 10 0 0
9
0 0 0 4 0 43 0 0 0
0 0 25 42 42 2 25 0 0
0 25 0 0 0 0 0 45 4
4 42 0 0 14 22 28 24 0
0 42 0 14 0 0 0 29 0
43 2 0 22 0 0 22 2 0
0 25 0 28 0 22 0 0 0
0 0 45 24 29 2 0 0 0
0 0 4 0 0 0 0 0 0
11
0 0 8 38 0 0 7 39 27 0 0
0 0 42 0 0 0 0 0 0 0 0
8 42 0 37 37 0 42 0 47 13 45
38 0 37 0 0 30 17 0 0 0 8
0 0 37 0 0 0 0 9 42 0 36
0 0 0 30 0 0 0 29 8 0 14
7 0 42 17 0 0 0 42 0 0 24
39 0 0 0 9 29 42 0 0 0 19
27 0 47 0 42 8 0 0 0 9 0
0 0 13 0 0 0 0 0 9 0 45
0 0 45 8 36 14 24 19 0 45 0
15
0 32 21 36 8 0 0 36 0 23 28 0 0 0 20
32 0 36 0 35 12 0 0 3 44 0 20 0 0 41
21 36 0 43 13 21 47 37 0 35 22 14 29 11 3
36 0 43 0 0 25 22 4 34 28 0 0 0 9 3
8 35 13 0 0 0 5 11 0 27 35 0 0 0 0
0 12 21 25 0 0 12 0 19 40 15 17 28 47 27
0 0 47 22 5 12 0 12 0 15 0 0 0 0 0
36 0 37 4 11 0 12 0 0 0 0 0 0 30 7
0 3 0 34 0 19 0 0 0 34 0 0 37 5 0
23 44 35 28 27 40 15 0 34 0 0 0 32 0 0
28 0 22 0 35 15 0 0 0 0 0 0 0 15 10
0 20 14 0 0 17 0 0 0 0 0 0 0 32 49
0 0 29 0 0 28 0 0 37 32 0 0 0 24 49
0 0 11 9 0 47 0 30 5 0 15 32 24 0 43
20 41 3 3 0 27 0 7 0 0 10 49 49 43 0
6
0 19 0 0 1 0
19 0 0 12 0 40
0 0 0 24 24 38
0 12 24 0 0 37
1 0 24 0 0 0
0 40 38 37 0 0
9
0 32 0 15 48 40 0 20 0
32 0 19 0 10 2 39 33 0
0 19 0 34 8 6 27 3 19
15 0 34 0 0 0 0 16 0
48 10 8 0 0 0 10 0 8
40 2 6 0 0 0 28 0 16
0 39 27 0 10 28 0 49 17
20 33 3 16 0 0 49 0 44
0 0 19 0 8 16 17 44 0
13
0 42 2 49 0 0 0 36 26 0 0 0 0
42 0 26 20 0 22 45 0 25 17 0 0 40
2 26 0 42 0 0 16 0 0 0 31 0 49
49 20 42 0 28 0 28 0 0 15 0 28 42
0 0 0 28 0 0 0 0 20 9 0 32 5
0 22 0 0 0 0 40 0 0 0 13 32 0
0 45 16 28 0 40 0 0 31 0 13 0 0
36 0 0 0 0 0 0 0 21 32 8 14 0
26 25 0 0 20 0 31 21 0 33 0 0 36
0 17 0 15 9 0 0 32 33 0 0 0 18
0 0 31 0 0 13 13 8 0 0 0 11 0
0 0 0 28 32 32 0 14 0 0 11 0 0
0 40 49 42 5 0 0 0 36 18 0 0 0
5
0 38 0 26 45
38 0 0 0 0
0 0 0 0 47
26 0 0 0 16
45 0 47 16 0
11
0 7 14 0 10 37 13 0 37 12 13
7 0 0 0 0 15 0 17 0 0 42
14 0 0 0 0 0 0 0 0 0 11
0 0 0 0 39 13 13 34 0 5 0
10 0 0 39 0 0 34 0 0 22 43
37 15 0 13 0 0 31 11 43 12 0
13 0 0 13 34 31 0 0 0 0 45
0 17 0 34 0 11 0 0 2 6 13
37 0 0 0 0 43 0 2 0 0 0
12 0 0 5 22 12 0 6 0 0 0
13 42 11 0 43 0 45 13 0 0 0
18
0 34 0 15 40 0 0 0 13 38 15 10 37 17 38 0 23 34
34 0 0 0 28 0 0 0 12 47 34 0 0 10 0 11 0 14
0 0 0 0 30 22 0 10 25 10 0 36 34 16 0 12 31 3
15 0 0 0 3 3 0 0 0 35 23 0 0 11 34 43 25 0
40 28 30 3 0 0 0 49 9 0 0 0 0 45 0 0 3 23
0 0 22 3 0 0 43 0 0 0 27 40 41 5 3 0 0 0
0 0 0 0 0 43 0 0 35 6 32 0 0 0 0 0 30 49
0 0 10 0 49 0 0 0 0 37 30 0 0 33 0 34 23 23
13 12 25 0 9 0 35 0 0 43 18 0 18 0 0 0 30 18
38 47 10 35 0 0 6 37 43 0 0 0 0 0 0 24 18 0
15 34 0 23 0 27 32 30 18 0 0 0 0 0 15 43 32 37
10 0 36 0 0 40 0 0 0 0 0 0 22 47 29 0 41 13
37 0 34 0 0 41 0 0 18 0 0 22 0 44 11 20 27 0
17 10 16 11 45 5 0 33 0 0 0 47 44 0 0 0 16 0
38 0 0 34 0 3 0 0 0 0 15 29 11 0 0 0 4 0
0 11 12 43 0 0 0 34 0 24 43 0 20 0 0 0 2 0
23 0 31 25 3 0 30 23 30 18 32 41 27 16 4 2 0 0
34 14 3 0 23 0 49 23 18 0 37 13 0 0 0 0 0 0
6
0 10 0 34 2 0
10 0 37 18 0 0
0 37 0 6 32 7
34 18 6 0 32 23
2 0 32 32 0 0
0 0 7 23 0 0
9
0 37 47 15 0 14 0 40 0
37 0 12 0 4 32 21 0 0
47 12 0 0 10 45 0 24 11
15 0 0 0 0 0 0 12 26
0 4 10 0 0 0 32 3 39
14 32 45 0 0 0 4 32 0
0 21 0 0 32 4 0 41 0
40 0 24 12 3 32 41 0 32
0 0 11 26 39 0 0 32 0
3
0 7 46
7 0 0
46 0 0
19
0 38 0 0 0 15 0 6 0 35 0 0 28 43 0 0 22 0 0
38 0 30 11 0 0 3 4 3 46 0 24 0 17 11 38 22 0 30
0 30 0 11 34 0 0 0 0 0 0 0 3 0 0 0 4 16 11
0 11 11 0 0 0 26 0 0 11 0 7 0 0 36 0 0 15 2
0 0 34 0 0 0 0 4 0 9 18 0 14 4 45 45 0 44 30
15 0 0 0 0 0 35 28 0 26 41 0 0 0 34 8 7 0 0
0 3 0 26 0 35 0 0 3 0 5 0 19 36 0 36 0 0 34
6 4 0 0 4 28 0 0 49 0 0 0 0 19 14 12 20 0 18
0 3 0 0 0 0 3 49 0 0 0 0 0 47 0 36 0 9 0
35 46 0 11 9 26 0 0 0 0 0 39 32 0 0 24 0 0 6
0 0 0 0 18 41 5 0 0 0 0 0 0 0 7 0 21 0 0
0 24 0 7 0 0 0 0 0 39 0 0 20 0 48 0 0 0 0
28 0 3 0 14 0 19 0 0 32 0 20 0 0 0 0 31 0 35
43 17 0 0 4 0 36 19 47 0 0 0 0 0 9 4 22 20 0
0 11 0 36 45 34 0 14 0 0 7 48 0 9 0 0 13 18 0
0 38 0 0 45 8 36 12 36 24 0 0 0 4 0 0 0 48 0
22 22 4 0 0 7 0 20 0 0 21 0 31 22 13 0 0 8 20
0 0 16 15 44 0 0 0 9 0 0 0 0 20 18 48 8 0 0
0 30 11 2 30 0 34 18 0 6 0 0 35 0 0 0 20 0 0
15
0 36 0 37 0 21 29 13 0 0 23 19 45 42 45
36 0 0 20 7 0 38 0 0 35 0 0 9 24 16
0 0 0 0 0 49 0 25 0 0 26 39 44 0 34
37 20 0 0 3 0 0 0 0 45 0 0 0 6 15
0 7 0 3 0 45 20 0 0 0 45 41 33 24 17
21 0 49 0 45 0 0 0 39 47 26 32 0 0 0
29 38 0 0 20 0 0 37 38 26 27 0 37 22 0
13 0 25 0 0 0 37 0 24 30 0 0 15 0 33
0 0 0 0 0 39 38 24 0 1 27 0 44 32 26
0 35 0 45 0 47 26 30 1 0 0 0 0 27 40
23 0 26 0 45 26 27 0 27 0 0 0 10 0 0
19 0 39 0 41 32 0 0 0 0 0 0 37 35 0
45 9 44 0 33 0 37 15 44 0 10 37 0 0 0
42 24 0 6 24 0 22 0 32 27 0 35 0 0 0
45 16 34 15 17 0 0 33 26 40 0 0 0 0 0
8
0 0 0 0 43 0 14 11
0 0 0 0 0 16 0 47
0 0 0 14 10 17 0 12
0 0 14 0 0 18 0 35
43 0 10 0 0 0 40 0
0 16 17 18 0 0 49 0
14 0 0 0 40 49 0 0
11 47 12 35 0 0 0 0
17
0 11 0 1 38 0 37 0 0 26 23 0 1 28 0 0 28
11 0 0 40 38 0 0 0 3 0 31 0 44 0 42 21 35
0 0 0 0 14 0 0 40 12 30 0 24 20 0 0 0 0
1 40 0 0 0 0 0 0 34 0 0 0 29 29 47 0 0
38 38 14 0 0 17 45 0 21 48 31 2 39 0 45 0 23
0 0 0 0 17 0 1 49 5 0 19 44 48 0 0 34 0
37 0 0 0 45 1 0 5 0 0 34 0 34 40 20 13 19
0 0 40 0 0 49 5 0 0 10 24 0 49 9 2 5 0
0 3 12 34 21 5 0 0 0 12 43 0 0 43 33 46 29
26 0 30 0 48 0 0 10 12 0 0 24 31 21 27 39 49
23 31 0 0 31 19 34 24 43 0 0 10 12 0 24 46 0
0 0 24 0 2 44 0 0 0 24 10 0 18 39 31 32 0
1 44 20 29 39 48 34 49 0 31 12 18 0 0 37 0 0
28 0 0 29 0 0 40 9 43 21 0 39 0 0 21 44 26
0 42 0 47 45 0 20 2 33 27 24 31 37 21 0 9 7
0 21 0 0 0 34 13 5 46 39 46 32 0 44 9 0 0
28 35 0 0 23 0 19 0 29 49 0 0 0 26 7 0 0
6
0 44 0 47 0 7
44 0 0 7 0 0
0 0 0 45 18 11
47 7 45 0 0 0
0 0 18 0 0 39
7 0 11 0 39 0
12
0 29 44 14 0 32 27 0 0 45 11 38
29 0 0 0 0 0 0 7 21 0 0 18
44 0 0 0 19 0 13 0 5 0 0 0
14 0 0 0 0 14 0 0 1 0 38 0
0 0 19 0 0 0 0 27 7 33 25 0
32 0 0 14 0 0 7 16 13 0 0 0
27 0 13 0 0 7 0 30 37 0 10 34
0 7 0 0 27 16 30 0 0 0 0 44
0 21 5 1 7 13 37 0 0 27 0 17
45 0 0 0 33 0 0 0 27 0 0 0
11 0 0 38 25 0 10 0 0 0 0 0
38 18 0 0 0 0 34 44 17 0 0 0
12
0 0 27 0 0 20 0 0 0 0 0 0
0 0 0 32 0 0 0 0 0 0 0 0
27 0 0 18 0 28 0 32 45 0 6 0
0 32 18 0 0 10 36 41 15 29 0 0
0 0 0 0 0 0 0 0 16 3 0 0
20 0 28 10 0 0 0 42 0 44 39 38
0 0 0 36 0 0 0 0 0 0 0 0
0 0 32 41 0 42 0 0 24 0 0 0
0 0 45 15 16 0 0 24 0 0 0 0
0 0 0 29 3 44 0 0 0 0 23 0
0 0 6 0 0 39 0 0 0 23 0 0
0 0 0 0 0 38 0 0 0 0 0 0
7
0 0 0 40 0 0 0
0 0 0 30 10 22 0
0 0 0 27 4 0 36
40 30 27 0 0 30 9
0 10 4 0 0 0 48
0 22 0 30 0 0 0
0 0 36 9 48 0 0
15
0 28 18 10 0 6 24 45 0 0 20 0 0 47 0
28 0 25 40 34 32 33 0 0 0 0 0 17 0 0
18 25 0 48 6 9 26 32 49 0 0 35 10 0 0
10 40 48 0 11 0 48 22 0 0 0 0 23 0 17
0 34 6 11 0 0 0 37 0 13 0 10 0 0 0
6 32 9 0 0 0 0 0 23 0 0 0 0 9 49
24 33 26 48 0 0 0 0 0 0 0 24 0 0 0
45 0 32 22 37 0 0 0 11 0 35 0 0 0 5
0 0 49 0 0 23 0 11 0 17 0 32 0 0 0
0 0 0 0 13 0 0 0 17 0 33 0 0 14 45
20 0 0 0 0 0 0 35 0 33 0 0 0 0 36
0 0 35 0 10 0 24 0 32 0 0 0 0 0 0
0 17 10 23 0 0 0 0 0 0 0 0 0 0 0
47 0 0 0 0 9 0 0 0 14 0 0 0 0 27
0 0 0 17 0 49 0 5 0 45 36 0 0 27 0
4
0 19 29 43
19 0 0 0
29 0 0 0
43 0 0 0
2
0 19
19 0
7
0 0 7 9 0 40 15
0 0 0 18 25 41 0
7 0 0 12 0 23 4
9 18 12 0 4 49 0
0 25 0 4 0 0 0
40 41 23 49 0 0 42
15 0 4 0 0 42 0
5
0 43 6 43 3
43 0 9 7 30
6 9 0 19 5
43 7 19 0 8
3 30 5 8 0
8
0 0 27 0 0 0 14 0
0 0 0 0 35 42 0 0
27 0 0 45 10 0 0 41
0 0 45 0 0 0 0 0
0 35 10 0 0 0 41 25
0 42 0 0 0 0 0 0
14 0 0 0 41 0 0 21
0 0 41 0 25 0 21 0
5
0 0 12 26 0
0 0 48 13 30
12 48 0 10 0
26 13 10 0 36
0 30 0 36 0
9
0 0 17 48 0 39 0 11 47
0 0 9 0 0 23 39 7 40
17 9 0 0 0 39 0 8 0
48 0 0 0 0 20 0 24 29
0 0 0 0 0 29 0 0 0
39 23 39 20 29 0 0 19 16
0 39 0 0 0 0 0 30 27
11 7 8 24 0 19 30 0 0
47 40 0 29 0 16 27 0 0
9
0 3 2 0 0 0 29 0 0
3 0 47 4 19 0 43 11 38
2 47 0 9 36 26 0 0 0
0 4 9 0 0 0 34 0 0
0 19 36 0 0 0 0 47 0
0 0 26 0 0 0 22 0 0
29 43 0 34 0 22 0 0 0
0 11 0 0 47 0 0 0 0
0 38 0 0 0 0 0 0 0
4
0 5 0 0
5 0 17 24
0 17 0 27
0 24 27 0
16
0 42 8 6 0 0 0 45 0 24 35 6 20 39 45 11
42 0 25 13 0 7 0 28 0 8 0 16 0 0 2 0
8 25 0 21 0 28 8 0 18 2 35 26 0 0 22 0
6 13 21 0 28 44 0 40 0 0 0 34 22 5 0 0
0 0 0 28 0 0 10 0 17 0 0 18 0 39 26 0
0 7 28 44 0 0 32 0 0 0 29 46 33 0 27 0
0 0 8 0 10 32 0 0 0 0 0 20 15 0 0 34
45 28 0 40 0 0 0 0 8 2 0 0 31 0 0 33
0 0 18 0 17 0 0 8 0 32 15 0 38 25 34 41
24 8 2 0 0 0 0 2 32 0 0 26 19 18 14 0
35 0 35 0 0 29 0 0 15 0 0 19 42 0 34 0
6 16 26 34 18 46 20 0 0 26 19 0 32 0 0 31
20 0 0 22 0 33 15 31 38 19 42 32 0 0 45 0
39 0 0 5 39 0 0 0 25 18 0 0 0 0 0 7
45 2 22 0 26 27 0 0 34 14 34 0 45 0 0 0
11 0 0 0 0 0 34 33 41 0 0 31 0 7 0 0
15
0 33 0 28 0 7 2 33 0 0 0 25 0 26 0
33 0 0 0 27 0 0 0 49 43 0 43 31 0 38
0 0 0 0 0 0 0 0 0 12 33 0 0 4 6
28 0 0 0 0 9 0 25 20 49 0 0 0 19 48
0 27 0 0 0 32 14 0 2 0 0 0 0 4 0
7 0 0 9 32 0 0 2 0 49 0 0 19 0 35
2 0 0 0 14 0 0 0 11 18 34 0 17 0 34
33 0 0 25 0 2 0 0 36 16 0 16 0 0 7
0 49 0 20 2 0 11 36 0 26 0 0 0 21 19
0 43 12 49 0 49 18 16 26 0 13 0 28 29 0
0 0 33 0 0 0 34 0 0 13 0 0 0 0 48
25 43 0 0 0 0 0 16 0 0 0 0 32 9 28
0 31 0 0 0 19 17 0 0 28 0 32 0 23 13
26 0 4 19 4 0 0 0 21 29 0 9 23 0 29
0 38 6 48 0 35 34 7 19 0 48 28 13 29 0
9
0 25 7 0 29 49 0 40 0
25 0 0 22 27 0 0 0 0
7 0 0 8 0 29 48 0 20
0 22 8 0 0 3 0 0 15
29 27 0 0 0 0 34 43 0
49 0 29 3 0 0 23 24 0
0 0 48 0 34 23 0 0 0
40 0 0 0 43 24 0 0 48
0 0 20 15 0 0 0 48 0
3
0 41 0
41 0 3
0 3 0
2
0 39
39 0
6
0 0 0 0 0 8
0 0 0 0 2 43
0 0 0 0 30 36
0 0 0 0 0 41
0 2 30 0 0 37
8 43 36 41 37 0
16
0 21 0 29 44 11 35 3 0 9 6 16 14 0 38 34
21 0 27 0 31 0 0 0 0 0 45 0 0 0 1 0
0 27 0 0 0 4 0 23 0 39 0 0 0 0 11 0
29 0 0 0 0 0 0 21 0 0 14 0 0 0 13 0
44 31 0 0 0 35 40 0 0 23 0 41 0 0 32 0
11 0 4 0 35 0 27 0 30 30 0 0 0 0 0 0
35 0 0 0 40 27 0 0 44 0 35 0 0 0 0 28
3 0 23 21 0 0 0 0 5 20 0 0 0 11 0 1
0 0 0 0 0 30 44 5 0 0 20 0 0 4 34 20
9 0 39 0 23 30 0 20 0 0 41 0 0 0 0 21
6 45 0 14 0 0 35 0 20 41 0 0 0 19 0 39
16 0 0 0 41 0 0 0 0 0 0 0 0 7 10 0
14 0 0 0 0 0 0 0 0 0 0 0 0 0 6 36
0 0 0 0 0 0 0 11 4 0 19 7 0 0 30 2
38 1 11 13 32 0 0 0 34 0 0 10 6 30 0 0
34 0 0 0 0 0 28 1 20 21 39 0 36 2 0 0
10
0 2 47 0 0 0 7 22 0 43
2 0 0 31 6 31 45 43 0 0
47 0 0 46 33 0 40 37 0 21
0 31 46 0 0 8 24 0 0 22
0 6 33 0 0 0 0 15 26 42
0 31 0 8 0 0 0 49 38 6
7 45 40 24 0 0 0 13 0 9
22 43 37 0 15 49 13 0 20 6
0 0 0 0 26 38 0 20 0 0
43 0 21 22 42 6 9 6 0 0
3
0 14 0
14 0 21
0 21 0
16
0 0 0 0 0 33 34 46 0 0 0 14 19 0 0 0
0 0 0 0 19 22 0 37 0 0 16 0 0 0 0 6
0 0 0 0 4 49 0 0 42 0 24 6 43 0 0 0
0 0 0 0 0 33 0 0 12 0 28 0 0 0 1 0
0 19 4 0 0 0 0 4 0 21 0 44 37 18 0 33
33 22 49 33 0 0 0 0 16 36 30 7 3 37 0 0
34 0 0 0 0 0 0 0 0 0 29 41 0 46 20 47
46 37 0 0 4 0 0 0 11 1 0 33 22 11 0 5
0 0 42 12 0 16 0 11 0 18 0 6 0 26 0 44
0 0 0 0 21 36 0 1 18 0 0 0 40 17 0 21
0 16 24 28 0 30 29 0 0 0 0 5 43 1 1 27
14 0 6 0 44 7 41 33 6 0 5 0 1 35 0 4
19 0 43 0 37 3 0 22 0 40 43 1 0 0 4 44
0 0 0 0 18 37 46 11 26 17 1 35 0 0 32 0
0 0 0 1 0 0 20 0 0 0 1 0 4 32 0 34
0 6 0 0 33 0 47 5 44 21 27 4 44 0 34 0
5
0 14 0 12 31
14 0 27 45 40
0 27 0 39 9
12 45 39 0 48
31 40 9 48 0
15
0 29 6 4 0 0 20 0 47 21 14 0 0 17 0
29 0 0 0 44 0 0 0 0 6 34 11 11 38 38
6 0 0 0 0 5 0 36 0 0 0 0 0 15 20
4 0 0 0 25 0 0 0 5 0 0 48 0 42 0
0 44 0 25 0 33 7 15 0 0 16 0 0 0 16
0 0 5 0 33 0 19 4 38 0 34 12 49 46 0
20 0 0 0 7 19 0 0 0 49 23 31 0 19 34
0 0 36 0 15 4 0 0 0 44 0 11 0 0 30
47 0 0 5 0 38 0 0 0 0 0 49 27 35 0
21 6 0 0 0 0 49 44 0 0 0 0 15 0 1
14 34 0 0 16 34 23 0 0 0 0 43 35 27 0
0 11 0 48 0 12 31 11 49 0 43 0 0 4 0
0 11 0 0 0 49 0 0 27 15 35 0 0 0 10
17 38 15 42 0 46 19 0 35 0 27 4 0 0 0
0 38 20 0 16 0 34 30 0 1 0 0 10 0 0
11
0 4 0 9 0 0 0 3 0 34 0
4 0 0 20 22 24 32 0 40 0 5
0 0 0 10 0 0 35 0 24 29 21
9 20 10 0 0 0 0 36 0 43 6
0 22 0 0 0 0 0 0 0 38 3
0 24 0 0 0 0 18 0 0 30 18
0 32 35 0 0 18 0 14 49 4 8
3 0 0 36 0 0 14 0 0 0 30
0 40 24 0 0 0 49 0 0 49 43
34 0 29 43 38 30 4 0 49 0 0
0 5 21 6 3 18 8 30 43 0 0
16
0 40 17 35 32 0 13 0 0 0 0 0 0 14 0 30
40 0 3 33 46 0 34 0 37 0 20 40 22 13 3 26
17 3 0 41 39 14 0 0 41 0 0 2 0 47 0 0
35 33 41 0 0 22 29 31 5 43 0 42 0 15 5 0
32 46 39 0 0 0 25 2 3 0 26 25 20 45 0 26
0 0 14 22 0 0 0 0 0 8 0 11 0 39 0 24
13 34 0 29 25 0 0 21 25 0 19 0 8 42 1 0
0 0 0 31 2 0 21 0 21 0 0 0 43 0 0 10
0 37 41 5 3 0 25 21 0 40 49 1 28 0 0 0
0 0 0 43 0 8 0 0 40 0 13 32 5 17 47 0
0 20 0 0 26 0 19 0 49 13 0 0 0 40 0 0
0 40 2 42 25 11 0 0 1 32 0 0 46 37 0 0
0 22 0 0 20 0 8 43 28 5 0 46 0 8 0 0
14 13 47 15 45 39 42 0 0 17 40 37 8 0 25 0
0 3 0 5 0 0 1 0 0 47 0 0 0 25 0 0
30 26 0 0 26 24 0 10 0 0 0 0 0 0 0 0
7
0 47 0 0 0 0 24
47 0 28 0 0 7 0
0 28 0 24 0 0 0
0 0 24 0 41 0 42
0 0 0 41 0 0 1
0 7 0 0 0 0 33
24 0 0 42 1 33 0
5
0 0 29 35 0
0 0 18 9 9
29 18 0 33 0
35 9 33 0 43
0 9 0 43 0
12
0 0 0 42 8 0 36 36 0 28 32 0
0 0 2 30 0 0 0 0 0 11 0 27
0 2 0 45 0 5 0 47 7 12 0 16
42 30 45 0 44 30 0 43 0 0 17 25
8 0 0 44 0 0 0 21 0 0 0 0
0 0 5 30 0 0 0 33 35 25 26 0
36 0 0 0 0 0 0 0 25 0 0 0
36 0 47 43 21 33 0 0 0 20 0 27
0 0 7 0 0 35 25 0 0 14 0 0
28 11 12 0 0 25 0 20 14 0 8 0
32 0 0 17 0 26 0 0 0 8 0 0
0 27 16 25 0 0 0 27 0 0 0 0
14
0 5 0 0 0 0 3 0 8 39 0 32 37 0
5 0 0 0 0 0 0 30 0 10 24 0 22 20
0 0 0 40 33 0 0 26 0 0 24 22 0 0
0 0 40 0 0 0 43 7 0 0 0 0 0 2
0 0 33 0 0 18 0 0 34 29 10 14 0 4
0 0 0 0 18 0 35 7 44 42 12 33 0 0
3 0 0 43 0 35 0 0 0 13 0 0 13 0
0 30 26 7 0 7 0 0 0 0 0 38 0 15
8 0 0 0 34 44 0 0 0 46 25 1 0 0
39 10 0 0 29 42 13 0 46 0 0 28 0 3
0 24 24 0 10 12 0 0 25 0 0 40 0 39
32 0 22 0 14 33 0 38 1 28 40 0 0 0
37 22 0 0 0 0 13 0 0 0 0 0 0 0
0 20 0 2 4 0 0 15 0 3 39 0 0 0
2
0 27
27 0
19
0 0 0 49 0 10 18 0 31 49 42 18 0 0 0 0 0 0 23
0 0 0 0 49 0 14 0 15 23 34 41 49 0 14 8 0 0 9
0 0 0 0 6 0 44 11 36 0 0 0 45 49 19 0 23 18 0
49 0 0 0 19 21 22 37 20 0 34 0 0 30 48 42 24 8 13
0 49 6 19 0 19 0 0 20 30 0 41 10 0 0 0 0 0 0
10 0 0 21 19 0 0 0 0 15 0 0 0 0 10 13 0 48 0
18 14 44 22 0 0 0 0 17 34 0 0 31 25 33 0 47 8 46
0 0 11 37 0 0 0 0 0 4 0 20 16 10 0 3 0 40 40
31 15 36 20 20 0 17 0 0 22 0 0 5 0 0 0 6 0 0
49 23 0 0 30 15 34 4 22 0 15 24 34 49 33 22 0 0 6
42 34 0 34 0 0 0 0 0 15 0 0 0 12 0 44 0 0 0
18 41 0 0 41 0 0 20 0 24 0 0 0 0 38 0 0 0 17
0 49 45 0 10 0 31 16 5 34 0 0 0 38 8 6 41 0 17
0 0 49 30 0 0 25 10 0 49 12 0 38 0 0 0 0 0 18
0 14 19 48 0 10 33 0 0 33 0 38 8 0 0 33 0 15 26
0 8 0 42 0 13 0 3 0 22 44 0 6 0 33 0 0 5 0
0 0 23 24 0 0 47 0 6 0 0 0 41 0 0 0 0 0 0
0 0 18 8 0 48 8 40 0 0 0 0 0 0 15 5 0 0 0
23 9 0 13 0 0 46 40 0 6 0 17 17 18 26 0 0 0 0
17
0 26 0 19 0 0 38 0 41 0 0 0 45 21 14 0 36
26 0 0 0 11 0 36 4 17 30 0 5 27 37 16 15 0
0 0 0 49 5 33 0 47 1 0 0 0 17 0 32 0 48
19 0 49 0 36 19 0 0 46 0 0 48 3 40 14 22 1
0 11 5 36 0 47 4 18 10 4 0 0 0 0 0 25 29
0 0 33 19 47 0 19 0 0 0 43 44 0 27 46 12 49
38 36 0 0 4 19 0 0 8 0 48 0 0 31 1 0 0
0 4 47 0 18 0 0 0 0 0 48 45 9 34 0 9 0
41 17 1 46 10 0 8 0 0 0 0 0 10 0 0 46 21
0 30 0 0 4 0 0 0 0 0 8 19 0 37 0 0 0
0 0 0 0 0 43 48 48 0 8 0 27 11 48 0 0 0
0 5 0 48 0 44 0 45 0 19 27 0 38 0 0 0 31
45 27 17 3 0 0 0 9 10 0 11 38 0 8 0 0 45
21 37 0 40 0 27 31 34 0 37 48 0 8 0 0 21 0
14 16 32 14 0 46 1 0 0 0 0 0 0 0 0 30 29
0 15 0 22 25 12 0 9 46 0 0 0 0 21 30 0 14
36 0 48 1 29 49 0 0 21 0 0 31 45 0 29 14 0
7
0 33 3 24 39 49 6
33 0 0 0 38 0 27
3 0 0 37 0 36 20
24 0 37 0 0 29 0
39 38 0 0 0 0 0
49 0 36 29 0 0 46
6 27 20 0 0 46 0
3
0 43 0
43 0 17
0 17 0
17
0 35 0 0 32 0 15 0 0 40 12 0 8 14 40 0 0
35 0 0 0 0 30 0 0 45 0 25 17 34 35 0 35 21
0 0 0 47 0 0 0 8 27 38 9 13 0 0 0 0 29
0 0 47 0 32 0 27 0 0 2 3 46 12 0 6 0 0
32 0 0 32 0 0 27 18 28 21 0 27 0 0 0 0 0
0 30 0 0 0 0 7 0 40 6 0 0 44 0 46 33 0
15 0 0 27 27 7 0 0 1 19 20 0 0 0 49 0 0
0 0 8 0 18 0 0 0 16 0 0 0 0 13 28 12 0
0 45 27 0 28 40 1 16 0 45 0 11 0 49 22 0 0
40 0 38 2 21 6 19 0 45 0 0 0 36 18 0 0 0
12 25 9 3 0 0 20 0 0 0 0 42 0 0 0 37 0
0 17 13 46 27 0 0 0 11 0 42 0 0 0 0 0 22
8 34 0 12 0 44 0 0 0 36 0 0 0 0 0 25 13
14 35 0 0 0 0 0 13 49 18 0 0 0 0 0 6 0
40 0 0 6 0 46 49 28 22 0 0 0 0 0 0 6 0
0 35 0 0 0 33 0 12 0 0 37 0 25 6 6 0 9
0 21 29 0 0 0 0 0 0 0 0 22 13 0 0 9 0
10
0 37 5 0 0 0 41 0 11 0
37 0 40 43 40 0 26 0 24 31
5 40 0 0 0 32 0 4 0 6
0 43 0 0 0 39 29 0 0 0
0 40 0 0 0 0 19 0 1 2
0 0 32 39 0 0 0 0 3 41
41 26 0 29 19 0 0 32 29 0
0 0 4 0 0 0 32 0 3 44
11 24 0 0 1 3 29 3 0 24
0 31 6 0 2 41 0 44 24 0
8
0 11 2 0 47 41 0 34
11 0 5 42 20 14 35 19
2 5 0 0 7 0 0 0
0 42 0 0 32 0 0 44
47 20 7 32 0 34 15 0
41 14 0 0 34 0 0 0
0 35 0 0 15 0 0 0
34 19 0 44 0 0 0 0
16
0 20 0 49 46 0 24 10 40 3 27 13 0 0 0 48
20 0 0 0 11 0 30 39 30 0 0 0 0 0 13 24
0 0 0 0 0 34 0 32 3 47 0 0 0 0 9 0
49 0 0 0 0 0 0 14 0 30 3 42 20 19 0 46
46 11 0 0 0 0 0 0 0 44 18 0 0 48 0 17
0 0 34 0 0 0 14 27 10 0 0 6 0 19 6 0
24 30 0 0 0 14 0 0 11 0 0 0 26 0 0 0
10 39 32 14 0 27 0 0 30 15 42 0 0 0 0 17
40 30 3 0 0 10 11 30 0 0 0 42 0 23 12 0
3 0 47 30 44 0 0 15 0 0 0 0 20 0 36 0
27 0 0 3 18 0 0 42 0 0 0 17 0 0 24 13
13 0 0 42 0 6 0 0 42 0 17 0 33 32 29 0
0 0 0 20 0 0 26 0 0 20 0 33 0 23 0 29
0 0 0 19 48 19 0 0 23 0 0 32 23 0 0 0
0 13 9 0 0 6 0 0 12 36 24 29 0 0 0 18
48 24 0 46 17 0 0 17 0 0 13 0 29 0 18 0
2
0 18
18 0
4
0 19 21 0
19 0 0 27
21 0 0 33
0 27 33 0
10
0 22 6 8 0 5 4 5 9 2
22 0 17 27 0 24 7 27 19 42
6 17 0 0 1 0 0 21 0 0
8 27 0 0 0 45 0 27 2 14
0 0 1 0 0 0 40 0 11 11
5 24 0 45 0 0 15 45 32 0
4 7 0 0 40 15 0 44 38 0
5 27 21 27 0 45 44 0 0 0
9 19 0 2 11 32 38 0 0 19
2 42 0 14 11 0 0 0 19 0
19
0 7 0 0 2 18 0 45 17 25 0 0 0 39 6 0 0 37 0
7 0 29 48 2 0 18 19 0 9 32 0 41 0 31 49 15 28 0
0 29 0 48 0 0 23 34 0 0 0 20 45 7 14 0 26 44 0
0 48 48 0 4 0 0 0 0 0 0 0 32 31 0 0 48 0 3
2 2 0 4 0 0 0 0 0 0 49 0 24 47 13 26 0 5 0
18 0 0 0 0 0 0 0 0 0 0 0 3 0 18 0 42 0 0
0 18 23 0 0 0 0 39 35 34 0 0 0 39 0 0 0 38 8
45 19 34 0 0 0 39 0 39 40 0 0 34 0 0 0 23 0 0
17 0 0 0 0 0 35 39 0 0 0 22 0 35 0 23 8 5 0
25 9 0 0 0 0 34 40 0 0 0 0 37 44 3 48 12 45 0
0 32 0 0 49 0 0 0 0 0 0 0 2 34 0 39 0 1 0
0 0 20 0 0 0 0 0 22 0 0 0 0 34 23 9 6 0 33
0 41 45 32 24 3 0 34 0 37 2 0 0 0 0 0 41 3 0
39 0 7 31 47 0 39 0 35 44 34 34 0 0 0 0 0 40 27
6 31 14 0 13 18 0 0 0 3 0 23 0 0 0 0 3 0 0
0 49 0 0 26 0 0 0 23 48 39 9 0 0 0 0 0 0 0
0 15 26 48 0 42 0 23 8 12 0 6 41 0 3 0 0 11 0
37 28 44 0 5 0 38 0 5 45 1 0 3 40 0 0 11 0 9
0 0 0 3 0 0 8 0 0 0 0 33 0 27 0 0 0 9 0
2
0 36
36 0
9
0 0 0 0 22 18 0 0 0
0 0 0 0 43 2 2 19 0
0 0 0 0 0 42 21 0 0
0 0 0 0 0 37 4 28 0
22 43 0 0 0 44 0 0 0
18 2 42 37 44 0 25 0 0
0 2 21 4 0 25 0 45 28
0 19 0 28 0 0 45 0 18
0 0 0 0 0 0 28 18 0
9
0 0 0 38 0 0 0 0 0
0 0 25 26 28 0 0 0 0
0 25 0 40 0 34 20 0 30
38 26 40 0 38 0 0 18 0
0 28 0 38 0 0 2 0 4
0 0 34 0 0 0 0 0 13
0 0 20 0 2 0 0 0 0
0 0 0 18 0 0 0 0 0
0 0 30 0 4 13 0 0 0
13
0 0 38 0 0 0 23 0 27 38 0 0 16
0 0 0 0 0 0 38 2 1 15 0 0 19
38 0 0 0 0 0 47 0 16 3 0 0 0
0 0 0 0 1 49 2 0 0 34 1 9 0
0 0 0 1 0 23 21 5 0 34 39 0 36
0 0 0 49 23 0 0 45 0 0 16 31 43
23 38 47 2 21 0 0 7 46 2 0 0 0
0 2 0 0 5 45 7 0 0 39 0 15 0
27 1 16 0 0 0 46 0 0 0 26 35 26
38 15 3 34 34 0 2 39 0 0 41 19 38
0 0 0 1 39 16 0 0 26 41 0 38 39
0 0 0 9 0 31 0 15 35 19 38 0 39
16 19 0 0 36 43 0 0 26 38 39 39 0
19
0 0 38 0 0 43 45 18 0 0 8 0 46 0 0 19 10 0 10
0 0 0 37 0 0 0 23 17 0 39 35 0 27 2 31 5 0 0
38 0 0 0 0 38 44 0 30 6 39 0 9 0 35 0 14 0 0
0 37 0 0 36 40 0 0 44 26 13 0 36 16 0 13 27 2 31
0 0 0 36 0 0 0 43 2 4 0 0 0 17 0 0 21 0 0
43 0 38 40 0 0 0 0 0 48 6 0 47 30 24 39 34 18 0
45 0 44 0 0 0 0 46 0 29 0 0 0 0 0 0 0 0 18
18 23 0 0 43 0 46 0 2 27 0 0 0 0 44 45 45 43 0
0 17 30 44 2 0 0 2 0 18 1 0 11 0 39 6 0 35 0
0 0 6 26 4 48 29 27 18 0 0 29 0 0 0 0 0 0 6
8 39 39 13 0 6 0 0 1 0 0 22 5 0 34 0 8 0 42
0 35 0 0 0 0 0 0 0 29 22 0 31 9 0 0 0 0 0
46 0 9 36 0 47 0 0 11 0 5 31 0 0 0 0 14 2 15
0 27 0 16 17 30 0 0 0 0 0 9 0 0 0 0 0 38 0
0 2 35 0 0 24 0 44 39 0 34 0 0 0 0 0 22 0 3
19 31 0 13 0 39 0 45 6 0 0 0 0 0 0 0 10 0 0
10 5 14 27 21 34 0 45 0 0 8 0 14 0 22 10 0 0 0
0 0 0 2 0 18 0 43 35 0 0 0 2 38 0 0 0 0 40
10 0 0 31 0 0 18 0 0 6 42 0 15 0 3 0 0 40 0
5
0 32 16 0 0
32 0 0 0 30
16 0 0 0 25
0 0 0 0 21
0 30 25 21 0
19
0 38 16 0 16 0 0 15 30 0 0 0 46 0 43 40 28 48 0
38 0 0 0 0 49 25 39 22 17 0 0 0 15 11 0 18 37 0
16 0 0 0 0 0 36 0 0 19 0 39 0 0 4 0 43 17 21
0 0 0 0 48 0 0 0 0 0 0 29 10 7 0 0 0 25 0
16 0 0 48 0 34 26 0 16 40 0 0 35 0 16 33 0 40 0
0 49 0 0 34 0 38 18 27 0 23 0 25 0 42 0 0 14 0
0 25 36 0 26 38 0 0 0 0 29 0 0 0 20 0 0 0 0
15 39 0 0 0 18 0 0 1 49 42 24 28 13 37 38 45 34 49
30 22 0 0 16 27 0 1 0 7 22 29 22 0 0 28 0 44 0
0 17 19 0 40 0 0 49 7 0 0 0 0 31 39 0 10 0 9
0 0 0 0 0 23 29 42 22 0 0 31 46 0 6 46 45 43 0
0 0 39 29 0 0 0 24 29 0 31 0 0 12 46 14 17 0 23
46 0 0 10 35 25 0 28 22 0 46 0 0 3 0 7 0 0 5
0 15 0 7 0 0 0 13 0 31 0 12 3 0 26 0 0 46 29
43 11 4 0 16 42 20 37 0 39 6 46 0 26 0 4 0 5 0
40 0 0 0 33 0 0 38 28 0 46 14 7 0 4 0 7 0 4
28 18 43 0 0 0 0 45 0 10 45 17 0 0 0 7 0 0 0
48 37 17 25 40 14 0 34 44 0 43 0 0 46 5 0 0 0 41
0 0 21 0 0 0 0 49 0 9 0 23 5 29 0 4 0 41 0
19
0 3 0 10 0 38 39 0 0 0 20 22 32 16 15 0 0 0 0
3 0 8 0 0 0 44 0 0 26 36 0 0 41 0 0 0 0 26
0 8 0 35 0 18 0 44 41 0 16 0 0 42 0 0 31 0 33
10 0 35 0 43 0 25 29 11 0 0 22 10 0 12 43 0 14 47
0 0 0 43 0 0 0 0 0 0 29 0 0 0 0 0 32 0 44
38 0 18 0 0 0 9 0 37 27 29 39 0 47 22 4 45 0 0
39 44 0 25 0 9 0 0 4 0 0 3 36 0 0 0 0 33 0
0 0 44 29 0 0 0 0 29 0 0 0 4 0 0 45 0 0 0
0 0 41 11 0 37 4 29 0 9 46 19 0 0 0 13 29 0 0
0 26 0 0 0 27 0 0 9 0 2 2 34 15 0 7 25 0 11
20 36 16 0 29 29 0 0 46 2 0 0 44 45 7 0 0 0 0
22 0 0 22 0 39 3 0 19 2 0 0 0 43 37 0 9 28 14
32 0 0 10 0 0 36 4 0 34 44 0 0 0 0 0 0 0 46
16 41 42 0 0 47 0 0 0 15 45 43 0 0 48 0 40 29 0
15 0 0 12 0 22 0 0 0 0 7 37 0 48 0 15 0 0 0
0 0 0 43 0 4 0 45 13 7 0 0 0 0 15 0 4 11 22
0 0 31 0 32 45 0 0 29 25 0 9 0 40 0 4 0 0 49
0 0 0 14 0 0 33 0 0 0 0 28 0 29 0 11 0 0 0
0 26 33 47 44 0 0 0 0 11 0 14 46 0 0 22 49 0 0
11
0 37 13 9 6 20 0 0 0 0 0
37 0 0 0 0 0 30 0 0 2 21
13 0 0 0 31 0 0 0 45 32 0
9 0 0 0 0 0 3 48 0 9 19
6 0 31 0 0 34 30 29 30 0 0
20 0 0 0 34 0 41 8 29 0 0
0 30 0 3 30 41 0 13 0 0 0
0 0 0 48 29 8 13 0 7 0 0
0 0 45 0 30 29 0 7 0 0 42
0 2 32 9 0 0 0 0 0 0 0
0 21 0 19 0 0 0 0 42 0 0
9
0 0 10 39 0 0 0 0 0
0 0 0 48 0 35 0 1 0
10 0 0 0 0 0 0 0 0
39 48 0 0 23 3 44 43 0
0 0 0 23 0 0 0 0 0
0 35 0 3 0 0 0 28 0
0 0 0 44 0 0 0 30 0
0 1 0 43 0 28 30 0 20
0 0 0 0 0 0 0 20 0
3
0 1 0
1 0 37
0 37 0
9
0 14 10 10 36 38 45 33 17
14 0 0 0 11 0 25 7 0
10 0 0 0 15 42 23 0 46
10 0 0 0 0 0 0 33 42
36 11 15 0 0 6 0 0 0
38 0 42 0 6 0 0 0 48
45 25 23 0 0 0 0 0 0
33 7 0 33 0 0 0 0 0
17 0 46 42 0 48 0 0 0
11
0 0 0 0 1 2 0 0 0 38 3
0 0 0 0 31 33 45 0 0 12 14
0 0 0 0 27 41 21 49 0 0 3
0 0 0 0 20 49 0 5 40 11 0
1 31 27 20 0 19 0 0 0 38 22
2 33 41 49 19 0 3 39 20 0 0
0 45 21 0 0 3 0 0 0 41 19
0 0 49 5 0 39 0 0 44 18 0
0 0 0 40 0 20 0 44 0 0 48
38 12 0 11 38 0 41 18 0 0 0
3 14 3 0 22 0 19 0 48 0 0
15
0 0 8 0 0 0 26 0 11 14 5 0 47 2 29
0 0 0 40 0 0 18 12 0 0 0 15 0 26 0
8 0 0 0 0 0 23 0 45 0 0 0 0 22 0
0 40 0 0 49 0 35 34 38 0 31 31 31 2 0
0 0 0 49 0 0 0 0 0 15 0 3 0 0 0
0 0 0 0 0 0 0 29 18 0 0 23 12 0 0
26 18 23 35 0 0 0 0 28 0 0 20 0 23 0
0 12 0 34 0 29 0 0 13 0 0 12 0 0 0
11 0 45 38 0 18 28 13 0 0 0 0 11 16 36
14 0 0 0 15 0 0 0 0 0 25 43 0 42 46
5 0 0 31 0 0 0 0 0 25 0 33 0 31 13
0 15 0 31 3 23 20 12 0 43 33 0 37 0 0
47 0 0 31 0 12 0 0 11 0 0 37 0 14 0
2 26 22 2 0 0 23 0 16 42 31 0 14 0 6
29 0 0 0 0 0 0 0 36 46 13 0 0 6 0
14
0 43 0 0 0 0 0 28 30 24 10 5 34 0
43 0 6 0 43 0 0 6 0 1 13 0 0 0
0 6 0 2 0 30 0 0 15 14 49 2 42 45
0 0 2 0 0 0 0 18 41 0 0 24 0 0
0 43 0 0 0 0 0 0 0 0 14 44 37 0
0 0 30 0 0 0 6 38 23 0 42 0 26 1
0 0 0 0 0 6 0 6 27 0 0 19 19 27
28 6 0 18 0 38 6 0 47 0 1 3 20 20
30 0 15 41 0 23 27 47 0 6 8 0 0 0
24 1 14 0 0 0 0 0 6 0 17 30 27 42
10 13 49 0 14 42 0 1 8 17 0 0 30 0
5 0 2 24 44 0 19 3 0 30 0 0 0 0
34 0 42 0 37 26 19 20 0 27 30 0 0 7
0 0 45 0 0 1 27 20 0 42 0 0 7 0
18
0 8 14 0 0 0 0 7 0 0 26 35 25 7 0 0 5 24
8 0 6 22 2 0 31 24 21 0 27 0 0 45 49 0 32 0
14 6 0 0 0 0 0 41 0 0 0 14 16 0 0 0 47 0
0 22 0 0 27 44 0 0 0 30 49 27 40 13 0 12 0 17
0 2 0 27 0 0 16 43 0 0 0 0 45 4 34 40 0 16
0 0 0 44 0 0 0 0 0 0 0 0 0 20 11 27 21 0
0 31 0 0 16 0 0 40 0 0 25 0 36 39 29 29 0 27
7 24 41 0 43 0 40 0 0 0 0 12 0 7 45 0 0 0
0 21 0 0 0 0 0 0 0 0 19 17 0 42 0 0 30 0
0 0 0 30 0 0 0 0 0 0 43 36 4 0 0 0 46 0
26 27 0 49 0 0 25 0 19 43 0 0 0 0 0 44 0 25
35 0 14 27 0 0 0 12 17 36 0 0 45 15 39 0 20 0
25 0 16 40 45 0 36 0 0 4 0 45 0 24 7 2 0 2
7 45 0 13 4 20 39 7 42 0 0 15 24 0 39 36 0 48
0 49 0 0 34 11 29 45 0 0 0 39 7 39 0 5 32 0
0 0 0 12 40 27 29 0 0 0 44 0 2 36 5 0 36 0
5 32 47 0 0 21 0 0 30 46 0 20 0 0 32 36 0 39
24 0 0 17 16 0 27 0 0 0 25 0 2 48 0 0 39 0
3
0 44 24
44 0 0
24 0 0
9
0 0 34 0 0 15 48 5 28
0 0 0 30 1 15 20 45 0
34 0 0 45 26 0 0 0 49
0 30 45 0 21 0 0 0 0
0 1 26 21 0 0 44 0 0
15 15 0 0 0 0 0 0 33
48 20 0 0 44 0 0 2 9
5 45 0 0 0 0 2 0 0
28 0 49 0 0 33 9 0 0
6
0 0 1 0 1 0
0 0 48 19 2 0
1 48 0 0 0 23
0 19 0 0 0 0
1 2 0 0 0 27
0 0 23 0 27 0
16
0 45 0 0 48 11 0 24 0 24 0 0 0 5 0 0
45 0 9 0 12 49 0 41 25 0 37 0 0 24 49 0
0 9 0 0 3 0 0 0 6 0 0 0 2 7 23 40
0 0 0 0 27 24 9 0 19 10 42 1 0 0 0 10
48 12 3 27 0 47 0 19 0 0 0 0 19 13 31 0
11 49 0 24 47 0 41 3 49 7 0 44 5 47 0 0
0 0 0 9 0 41 0 0 14 12 0 0 43 7 11 30
24 41 0 0 19 3 0 0 0 0 0 0 10 0 5 43
0 25 6 19 0 49 14 0 0 0 0 17 34 30 0 0
24 0 0 10 0 7 12 0 0 0 14 29 11 0 11 39
0 37 0 42 0 0 0 0 0 14 0 31 22 23 2 26
0 0 0 1 0 44 0 0 17 29 31 0 30 15 0 33
0 0 2 0 19 5 43 10 34 11 22 30 0 5 0 0
5 24 7 0 13 47 7 0 30 0 23 15 5 0 0 1
0 49 23 0 31 0 11 5 0 11 2 0 0 0 0 0
0 0 40 10 0 0 30 43 0 39 26 33 0 1 0 0
14
0 0 5 0 36 0 1 0 47 5 11 0 0 0
0 0 30 47 0 15 0 0 0 0 5 3 0 0
5 30 0 0 0 0 39 27 0 0 46 0 37 22
0 47 0 0 0 6 42 40 6 0 0 0 28 0
36 0 0 0 0 0 45 6 44 46 28 47 36 0
0 15 0 6 0 0 19 0 12 49 0 0 49 0
1 0 39 42 45 19 0 21 17 0 15 0 14 0
0 0 27 40 6 0 21 0 18 0 0 22 0 2
47 0 0 6 44 12 17 18 0 19 49 0 0 0
5 0 0 0 46 49 0 0 19 0 0 0 5 28
11 5 46 0 28 0 15 0 49 0 0 7 0 0
0 3 0 0 47 0 0 22 0 0 7 0 0 8
0 0 37 28 36 49 14 0 0 5 0 0 0 41
0 0 22 0 0 0 0 2 0 28 0 8 41 0
14
0 30 0 45 0 28 0 0 8 0 39 0 40 38
30 0 2 0 7 35 30 4 14 40 41 0 0 0
0 2 0 0 0 0 0 37 31 0 0 7 0 0
45 0 0 0 27 45 3 0 21 23 23 0 28 5
0 7 0 27 0 0 30 43 2 0 0 48 5 0
28 35 0 45 0 0 34 0 0 36 47 0 4 0
0 30 0 3 30 34 0 0 0 45 48 0 13 47
0 4 37 0 43 0 0 0 37 0 39 0 0 0
8 14 31 21 2 0 0 37 0 0 0 0 30 49
0 40 0 23 0 36 45 0 0 0 0 21 20 14
39 41 0 23 0 47 48 39 0 0 0 0 9 0
0 0 7 0 48 0 0 0 0 21 0 0 49 16
40 0 0 28 5 4 13 0 30 20 9 49 0 0
38 0 0 5 0 0 47 0 49 14 0 16 0 0
16
0 20 0 32 0 29 25 37 0 0 0 0 31 31 1 0
20 0 16 0 0 0 13 0 30 0 44 13 0 0 12 0
0 16 0 0 0 49 17 0 0 0 0 41 9 21 0 49
32 0 0 0 49 0 0 25 0 16 0 0 42 12 39 3
0 0 0 49 0 33 0 31 49 47 0 17 48 10 0 34
29 0 49 0 33 0 36 0 0 36 0 0 17 0 0 1
25 13 17 0 0 36 0 6 0 0 0 0 0 0 0 0
37 0 0 25 31 0 6 0 0 0 0 32 45 0 0 10
0 30 0 0 49 0 0 0 0 14 0 46 34 0 33 0
0 0 0 16 47 36 0 0 14 0 18 25 0 17 0 0
0 44 0 0 0 0 0 0 0 18 0 0 0 0 0 23
0 13 41 0 17 0 0 32 46 25 0 0 0 0 9 2
31 0 9 42 48 17 0 45 34 0 0 0 0 12 0 25
31 0 21 12 10 0 0 0 0 17 0 0 12 0 38 24
1 12 0 39 0 0 0 0 33 0 0 9 0 38 0 41
0 0 49 3 34 1 0 10 0 0 23 2 25 24 41 0
16
0 9 0 49 0 0 0 0 0 39 0 0 41 2 15 15
9 0 47 11 0 40 0 0 0 0 20 34 0 0 0 0
0 47 0 0 27 0 0 0 47 0 47 8 11 0 17 0
49 11 0 0 0 0 0 20 0 0 28 31 8 19 0 35
0 0 27 0 0 42 0 0 0 0 0 0 0 0 19 49
0 40 0 0 42 0 0 9 40 33 0 32 0 0 0 0
0 0 0 0 0 0 0 0 0 0 0 44 36 7 0 0
0 0 0 20 0 9 0 0 35 45 0 0 24 9 15 23
0 0 47 0 0 40 0 35 0 29 0 6 0 0 37 0
39 0 0 0 0 33 0 45 29 0 0 0 44 44 18 39
0 20 47 28 0 0 0 0 0 0 0 29 0 0 0 10
0 34 8 31 0 32 44 0 6 0 29 0 0 23 32 0
41 0 11 8 0 0 36 24 0 44 0 0 0 0 18 34
2 0 0 19 0 0 7 9 0 44 0 23 0 0 0 0
15 0 17 0 19 0 0 15 37 18 0 32 18 0 0 45
15 0 0 35 49 0 0 23 0 39 10 0 34 0 45 0
7
0 0 18 1 25 14 13
0 0 0 48 26 0 44
18 0 0 0 5 0 30
1 48 0 0 0 46 0
25 26 5 0 0 0 10
14 0 0 46 0 0 21
13 44 30 0 10 21 0
16
0 0 22 22 0 39 0 0 0 32 26 0 0 0 0 45
0 0 30 35 0 0 0 34 19 12 0 0 0 0 0 21
22 30 0 6 19 49 0 0 31 46 0 0 12 0 3 0
22 35 6 0 0 0 0 30 41 45 5 40 0 0 23 44
0 0 19 0 0 0 0 0 30 0 2 0 31 11 40 0
39 0 49 0 0 0 31 0 38 0 44 5 0 0 41 29
0 0 0 0 0 31 0 35 0 11 19 2 48 0 0 33
0 34 0 30 0 0 35 0 16 14 0 0 24 0 0 19
0 19 31 41 30 38 0 16 0 24 0 0 14 41 0 1
32 12 46 45 0 0 11 14 24 0 11 0 0 0 0 7
26 0 0 5 2 44 19 0 0 11 0 0 44 13 0 36
0 0 0 40 0 5 2 0 0 0 0 0 36 0 0 10
0 0 12 0 31 0 48 24 14 0 44 36 0 0 0 6
0 0 0 0 11 0 0 0 41 0 13 0 0 0 4 20
0 0 3 23 40 41 0 0 0 0 0 0 0 4 0 19
45 21 0 44 0 29 33 19 1 7 36 10 6 20 19 0
2
0 31
31 0
8
0 17 41 1 44 0 0 0
17 0 13 0 32 25 43 0
41 13 0 36 44 20 16 11
1 0 36 0 6 29 39 0
44 32 44 6 0 0 2 49
0 25 20 29 0 0 0 26
0 43 16 39 2 0 0 45
0 0 11 0 49 26 45 0
18
0 0 0 0 0 6 0 0 36 0 16 2 25 0 0 33 0 1
0 0 45 0 0 0 27 0 0 0 41 0 46 36 8 0 20 0
0 45 0 17 15 0 46 0 34 22 0 0 0 0 0 0 0 10
0 0 17 0 8 0 0 17 0 0 17 0 32 28 0 48 49 6
0 0 15 8 0 0 34 0 0 18 15 0 29 0 43 37 9 36
6 0 0 0 0 0 0 34 35 0 36 0 40 44 0 27 14 0
0 27 46 0 34 0 0 12 19 32 0 23 44 47 43 9 16 39
0 0 0 17 0 34 12 0 0 0 0 32 0 0 0 43 4 0
36 0 34 0 0 35 19 0 0 0 0 32 28 5 28 0 7 0
0 0 22 0 18 0 32 0 0 0 48 47 0 10 24 26 0 0
16 41 0 17 15 36 0 0 0 48 0 0 0 0 3 0 0 27
2 0 0 0 0 0 23 32 32 47 0 0 0 25 0 0 0 0
25 46 0 32 29 40 44 0 28 0 0 0 0 29 39 0 46 0
0 36 0 28 0 44 47 0 5 10 0 25 29 0 0 15 0 0
0 8 0 0 43 0 43 0 28 24 3 0 39 0 0 0 0 0
33 0 0 48 37 27 9 43 0 26 0 0 0 15 0 0 0 0
0 20 0 49 9 14 16 4 7 0 0 0 46 0 0 0 0 2
1 0 10 6 36 0 39 0 0 0 27 0 0 0 0 0 2 0
2
0 13
13 0
14
0 18 23 7 2 0 0 17 2 21 28 0 0 26
18 0 0 0 17 5 0 48 10 0 0 0 0 0
23 0 0 23 0 29 0 33 39 0 0 11 0 40
7 0 23 0 36 9 3 0 11 0 0 23 19 0
2 17 0 36 0 43 0 0 0 0 45 0 1 0
0 5 29 9 43 0 42 8 7 15 23 32 5 0
0 0 0 3 0 42 0 0 39 49 37 0 7 0
17 48 33 0 0 8 0 0 0 0 0 8 0 0
2 10 39 11 0 7 39 0 0 0 0 0 0 0
21 0 0 0 0 15 49 0 0 0 0 0 20 0
28 0 0 0 45 23 37 0 0 0 0 0 21 0
0 0 11 23 0 32 0 8 0 0 0 0 3 24
0 0 0 19 1 5 7 0 0 20 21 3 0 47
26 0 40 0 0 0 0 0 0 0 0 24 47 0
12
0 24 31 0 10 0 30 21 0 0 0 0
24 0 24 0 32 15 19 0 0 43 0 0
31 24 0 12 0 22 33 0 0 0 36 0
0 0 12 0 27 0 0 0 0 0 6 39
10 32 0 27 0 0 37 1 0 5 38 0
0 15 22 0 0 0 0 0 0 0 32 0
30 19 33 0 37 0 0 2 9 38 0 25
21 0 0 0 1 0 2 0 46 31 0 0
0 0 0 0 0 0 9 46 0 0 4 0
0 43 0 0 5 0 38 31 0 0 19 31
0 0 36 6 38 32 0 0 4 19 0 0
0 0 0 39 0 0 25 0 0 31 0 0
18
0 49 22 0 0 4 25 0 0 0 32 15 0 24 0 10 32 46
49 0 0 0 0 0 0 0 19 0 35 8 31 0 42 14 39 29
22 0 0 46 4 0 23 19 0 0 38 0 0 0 28 0 13 39
0 0 46 0 0 0 24 0 8 6 29 39 30 21 2 0 0 0
0 0 4 0 0 0 1 44 8 0 0 0 0 0 24 11 0 8
4 0 0 0 0 0 0 0 15 0 15 43 21 0 0 0 21 0
25 0 23 24 1 0 0 4 0 0 30 0 0 47 0 0 15 0
0 0 19 0 44 0 4 0 22 0 12 0 18 0 0 46 9 22
0 19 0 8 8 15 0 22 0 3 42 33 46 31 19 43 6 36
0 0 0 6 0 0 0 0 3 0 40 0 25 0 0 25 0 0
32 35 38 29 0 15 30 12 42 40 0 0 47 43 0 13 2 25
15 8 0 39 0 43 0 0 33 0 0 0 0 0 0 12 21 0
0 31 0 30 0 21 0 18 46 25 47 0 0 0 11 0 0 0
24 0 0 21 0 0 47 0 31 0 43 0 0 0 44 35 33 34
0 42 28 2 24 0 0 0 19 0 0 0 11 44 0 7 0 3
10 14 0 0 11 0 0 46 43 25 13 12 0 35 7 0 0 0
32 39 13 0 0 21 15 9 6 0 2 21 0 33 0 0 0 0
46 29 39 0 8 0 0 22 36 0 25 0 0 34 3 0 0 0
6
0 21 0 1 0 0
21 0 0 0 34 8
0 0 0 20 43 0
1 0 20 0 49 17
0 34 43 49 0 0
0 8 0 17 0 0
